.Random.seed <-
c(403L, 10L, -150432991L, 10731443L, -1788979422L, -156243692L, 
1289955735L, -1891829363L, 1566531748L, -992273782L, 631296245L, 
-1280510129L, -353603498L, 533764864L, 595488323L, 1758893537L, 
-1904656048L, 62461870L, 92138841L, 1383709547L, 531905242L, 
1473649564L, -180009057L, -1932276235L, 440410252L, -544104094L, 
1010294077L, -507515465L, 1902352990L, 929835928L, 1637663483L, 
992643737L, 59822888L, 1678369238L, 1383976529L, 1068494083L, 
201818258L, -1281731036L, -743397145L, 725720381L, -1739097676L, 
-957159910L, 2085995877L, 230616063L, 1867123334L, 229210640L, 
1719017651L, 519846737L, 490706688L, -421120546L, 891223593L, 
325154267L, -138315030L, 2039019660L, -890017841L, -2108473467L, 
76876860L, -2101535470L, 609262093L, -56708793L, 2027942702L, 
-1903890808L, 1441400715L, 889595753L, 252287288L, 1664738278L, 
-340282495L, -594023661L, 465704130L, -582242444L, 678900599L, 
255673453L, -1651377404L, 871825962L, -357224555L, -836963281L, 
-882488010L, -1798269600L, 401265571L, 1463071937L, 1435546800L, 
-384281650L, -982337735L, -777795765L, 210744570L, -381800964L, 
-1766883777L, 534283029L, -147521492L, -558939902L, -23238179L, 
1559247063L, -294124610L, 1859405304L, -1769889317L, -171773895L, 
1401358728L, 2018813238L, 175972209L, -1474818653L, -1665068814L, 
-1511551932L, -2104625401L, 2123831005L, 335534036L, 466773754L, 
-807921083L, -2109302113L, -1697433562L, -1323324240L, -725435053L, 
1064102001L, -1409911392L, 1530128702L, 1949743177L, -2119676677L, 
-1647647542L, 354310700L, -491856337L, 499703525L, -774384740L, 
-1185401358L, -899796883L, 2611623L, -1622750258L, -2098958040L, 
-1746701525L, -2013474487L, -475355560L, -290638074L, 1522873057L, 
-1610279309L, -2128249118L, 535757396L, 2050911063L, 1699712845L, 
-1523240220L, 1728977610L, 869274421L, -776152689L, 66834070L, 
-1706627520L, -1023166717L, -58560735L, -1119250416L, 2130444270L, 
1491959705L, -1440946133L, -354431718L, -998498340L, 1342194143L, 
-196278859L, -103054516L, 172990882L, -976514819L, -284025353L, 
-1805309154L, -826542632L, -345542853L, 210790617L, 690381928L, 
1768536470L, -1465005807L, 1499187907L, -13974830L, 887161700L, 
-1733712217L, 1376759805L, -1247172108L, 795260634L, 1838327845L, 
1889117503L, 1557211846L, -672970928L, 1278900083L, -772818543L, 
1750256576L, -1579778658L, -1960349847L, 742976411L, 893432490L, 
783588556L, 1183532431L, 446685637L, 1147929980L, 557256146L, 
-124634803L, -1392866297L, 214707182L, 1011479240L, -1881928245L, 
1858152489L, -1812181384L, 986205094L, 380509633L, -1095599533L, 
-1669353214L, -705251276L, 1066361271L, -586570323L, -1963098428L, 
1950995178L, 74507605L, 324197103L, -2129475338L, -345610208L, 
-132482589L, 1547250305L, -697383696L, -1363182706L, 3298553L, 
-693453173L, 298299066L, 1810112956L, 1007497983L, 1168442965L, 
628793708L, -1933721150L, 1417910813L, -447995241L, 506670078L, 
13166520L, 763190171L, -1195408903L, 1197846856L, 1418374262L, 
-133211727L, 292399075L, 596907186L, 96373564L, 530725874L, 1618596592L, 
-903658940L, -1723619752L, -1547555014L, -1947735056L, -93692228L, 
-2079834860L, -372662078L, 1405256800L, 719196540L, -27267120L, 
1964984610L, 552558248L, 1269289868L, -1999661892L, 226240306L, 
-1166331328L, 1599704244L, 1352459336L, -1463819846L, -697897456L, 
-814110484L, -18435756L, -606179566L, -566766176L, 937601740L, 
-2003392928L, 1348829122L, -1455391960L, 1915168172L, -325912260L, 
1112659826L, -755844816L, -1125798108L, 682065208L, 990182106L, 
1956521872L, -761773316L, -1913204844L, 160962626L, -150176512L, 
1579668540L, -381999792L, 197036194L, -1716037816L, -254841076L, 
-1617286436L, 533572434L, 579723904L, 1221830740L, 703161320L, 
-1418250502L, -1840533168L, -663516372L, -166371468L, -1925604462L, 
-888644000L, -935821428L, -981212320L, 1030602722L, -613277784L, 
1986913484L, 762306044L, -391846990L, -299519504L, -399199804L, 
-1686830760L, 2034029946L, 1613697456L, 821977020L, 1986728020L, 
-1355852862L, 264207392L, -1829421892L, -1320725936L, 482383842L, 
-1745621400L, -1286858164L, 2059825404L, -541982734L, -1078536960L, 
-1953050764L, 2028044296L, 2079325626L, 1051977168L, -807453716L, 
262889364L, 831378386L, 1253689184L, 1206074700L, 80338208L, 
-1398332542L, -1668697368L, 1165690092L, -549256644L, -734796942L, 
1557559920L, -1290694620L, 627105592L, 568870042L, -929162544L, 
1550518460L, 1586263700L, -2016285054L, 1553071296L, -73346756L, 
1602857104L, 1271317026L, 1212407304L, 1685616908L, -80147812L, 
-2123766254L, 527361408L, 184161812L, 1447136808L, 1949979962L, 
2095855568L, -979271060L, 717197108L, 1154882194L, 972454240L, 
-502314676L, 142016480L, -2080999518L, 1464766376L, -1916755060L, 
-1072073028L, -1234044046L, 1082530032L, 230682692L, -1709540008L, 
289743930L, 1586158448L, 1386794044L, -324926700L, -622689854L, 
-1482235680L, -1894856836L, 1142298320L, -1800231262L, 1452354600L, 
2067845388L, -2033333316L, -1571037902L, 505792L, -435842508L, 
-1669620792L, -1058261830L, 628244368L, 1910107628L, 961163348L, 
-1172525422L, 1110135584L, -763877940L, 2015198176L, 1488353986L, 
-1817441752L, 1523607212L, 1254279868L, 281135602L, 596474160L, 
1327144100L, 788183736L, 316683098L, 735770000L, 446374268L, 
-1057897196L, 1645080898L, -1202283776L, -1740051524L, -1541426352L, 
-189023966L, -665133752L, -1516677108L, 267690076L, 577125586L, 
-1074653184L, 929053524L, -1125705240L, 2115014650L, -522727728L, 
1615148332L, 264241396L, -333826158L, -1932174240L, 2112146700L, 
895598304L, 356859234L, 2043683496L, 352897612L, -1978906756L, 
-1667937486L, 221410928L, -879452860L, -1821803560L, -1535934342L, 
862385712L, 866149052L, -1189820588L, 1377284674L, 730391456L, 
-1297063748L, 1986140624L, 1290200418L, 1070369768L, -921956404L, 
-1025009924L, -726781966L, -1572094848L, 8763636L, -1371675512L, 
95175994L, -1087065264L, -737887124L, -133017452L, -734004910L, 
-1869650208L, 1784373452L, -384978784L, -380685950L, -1723625240L, 
2074595564L, 1918726204L, 600166514L, -1407731600L, 1011746844L, 
-1714738291L, 1452250615L, 1492306176L, -640383138L, 1014112299L, 
-929398995L, 597590938L, -1917124264L, 1780626625L, 1717744499L, 
-1191333740L, -1932790494L, -1929501641L, 2042313985L, -1478295546L, 
-1169951164L, -367177867L, -1994292513L, -311968200L, 822410774L, 
188133923L, -1011679771L, 96302082L, -695986576L, 1115059225L, 
-889178613L, -653138692L, -684037846L, -1168175265L, -1159090455L, 
-1615565314L, -1451212308L, -1486231235L, -1438467833L, 1891952880L, 
597070990L, -1954533701L, 1071054493L, 1593346634L, -1495693208L, 
-753870767L, -210941117L, -1594638780L, -1801044750L, -1207240505L, 
-702735727L, 384467990L, -1621414284L, -357541627L, 843208527L, 
-1450966712L, 2077453542L, 1747993107L, -247016075L, 1653549394L, 
-200031840L, 1073797257L, -1574047557L, 450489100L, -2123785574L, 
-175484913L, -121285543L, -1678681874L, 1096489852L, 729491437L, 
-841555817L, 123562848L, -1282208962L, -1726487541L, 1889281165L, 
-2021370438L, 1985821688L, 1633900449L, 1548857683L, 803328116L, 
-969072126L, -791004009L, -245252511L, 185018022L, 1739394724L, 
1148185429L, -1358788609L, 1224873624L, 1311431606L, -1294446525L, 
1788356997L, 2047900194L, 1002451216L, -173190983L, 1564464491L, 
-373715876L, 1012638090L, 1340335487L, -606770999L, -1426264738L, 
-830362100L, 183042525L, 1490698471L, 2101523728L, 1438604334L, 
-2024086821L, -1722371139L, -1831563990L, 507482568L, 1156755185L, 
1032126563L, 703460452L, 995211154L, -1955881881L, 769373233L, 
-2474634L, -1093739884L, 896051365L, 238710191L, -1606887832L, 
1731825222L, -658961421L, 1456962389L, 1011692850L, 1489148160L, 
-1012809239L, 1775465563L, 1737846444L, 1646667962L, 267960943L, 
1047007225L, 2086784654L, -835641508L, 585393101L, 180396855L, 
-649905728L, -900714850L, -306071701L, 203419373L, -512648358L, 
-164202472L, 232265089L, -1455873229L, 11727188L, 1685336930L, 
1569599479L, 215593025L, -96996154L, -350473724L, 1876442549L, 
385606303L, 851972856L, -435132714L, 412529507L, 154524453L, 
